{
  "universe": {
    "2429": {
      "name": "銘旺科",
      "sources": [
        "CMoney_N1"
      ]
    },
    "4958": {
      "name": "臻鼎-KY",
      "sources": [
        "CMoney_N1"
      ]
    },
    "2316": {
      "name": "楠梓電",
      "sources": [
        "CMoney_N1"
      ]
    },
    "3189": {
      "name": "景碩",
      "sources": [
        "CMoney_N1"
      ]
    },
    "3715": {
      "name": "定穎投控",
      "sources": [
        "CMoney_N1"
      ]
    },
    "3037": {
      "name": "欣興",
      "sources": [
        "CMoney_N1"
      ]
    },
    "2313": {
      "name": "華通",
      "sources": [
        "CMoney_N1"
      ]
    },
    "6141": {
      "name": "柏承",
      "sources": [
        "CMoney_N1"
      ]
    },
    "2455": {
      "name": "全新",
      "sources": [
        "CMoney_N1"
      ]
    },
    "2368": {
      "name": "金像電",
      "sources": [
        "CMoney_N2"
      ]
    },
    "1802": {
      "name": "台玻",
      "sources": [
        "CMoney_N2"
      ]
    },
    "1815": {
      "name": "富喬",
      "sources": [
        "CMoney_N2"
      ]
    },
    "6274": {
      "name": "台燿",
      "sources": [
        "CMoney_N2"
      ]
    },
    "6213": {
      "name": "聯茂",
      "sources": [
        "CMoney_N2"
      ]
    },
    "2383": {
      "name": "台光電",
      "sources": [
        "CMoney_N2"
      ]
    },
    "8021": {
      "name": "尖點",
      "sources": [
        "CMoney_N2"
      ]
    },
    "3167": {
      "name": "大量",
      "sources": [
        "CMoney_N2"
      ]
    },
    "2355": {
      "name": "敬鵬",
      "sources": [
        "CMoney_C50851"
      ]
    },
    "2367": {
      "name": "燿華",
      "sources": [
        "CMoney_C50851"
      ]
    },
    "3044": {
      "name": "健鼎",
      "sources": [
        "CMoney_C50851"
      ]
    },
    "8046": {
      "name": "南電",
      "sources": [
        "user_added"
      ]
    },
    "1303": {
      "name": "南亞",
      "sources": [
        "user_added"
      ]
    }
  },
  "trading_dates_count": 81,
  "trading_dates_range": [
    "2026-03-03",
    "2026-06-29"
  ],
  "failed": [],
  "correlation_matrix": {
    "stock_ids": [
      "1303",
      "1802",
      "1815",
      "2313",
      "2316",
      "2355",
      "2367",
      "2368",
      "2383",
      "2429",
      "2455",
      "3037",
      "3044",
      "3167",
      "3189",
      "3715",
      "4958",
      "6141",
      "6213",
      "6274",
      "8021",
      "8046"
    ],
    "matrix": [
      [
        1.0,
        0.652,
        0.573,
        0.28,
        0.371,
        0.271,
        0.28,
        0.263,
        0.313,
        0.355,
        0.339,
        0.481,
        0.432,
        0.281,
        0.512,
        0.443,
        0.334,
        0.257,
        0.416,
        0.479,
        0.209,
        0.44
      ],
      [
        0.652,
        1.0,
        0.719,
        0.428,
        0.439,
        0.337,
        0.49,
        0.385,
        0.328,
        0.365,
        0.474,
        0.524,
        0.381,
        0.313,
        0.534,
        0.609,
        0.482,
        0.333,
        0.508,
        0.542,
        0.383,
        0.393
      ],
      [
        0.573,
        0.719,
        1.0,
        0.392,
        0.259,
        0.365,
        0.492,
        0.435,
        0.35,
        0.294,
        0.434,
        0.467,
        0.36,
        0.31,
        0.5,
        0.665,
        0.439,
        0.396,
        0.546,
        0.491,
        0.302,
        0.358
      ],
      [
        0.28,
        0.428,
        0.392,
        1.0,
        0.186,
        0.504,
        0.746,
        0.344,
        0.374,
        0.079,
        0.438,
        0.421,
        0.262,
        0.237,
        0.397,
        0.481,
        0.436,
        0.202,
        0.405,
        0.414,
        0.345,
        0.319
      ],
      [
        0.371,
        0.439,
        0.259,
        0.186,
        1.0,
        0.326,
        0.196,
        0.406,
        0.397,
        0.164,
        0.221,
        0.489,
        0.388,
        0.287,
        0.52,
        0.33,
        0.393,
        0.236,
        0.358,
        0.432,
        0.319,
        0.307
      ],
      [
        0.271,
        0.337,
        0.365,
        0.504,
        0.326,
        1.0,
        0.495,
        0.32,
        0.374,
        0.194,
        0.243,
        0.35,
        0.321,
        0.243,
        0.378,
        0.34,
        0.291,
        0.224,
        0.254,
        0.317,
        0.251,
        0.158
      ],
      [
        0.28,
        0.49,
        0.492,
        0.746,
        0.196,
        0.495,
        1.0,
        0.325,
        0.366,
        0.133,
        0.345,
        0.326,
        0.244,
        0.218,
        0.386,
        0.4,
        0.267,
        0.204,
        0.349,
        0.335,
        0.314,
        0.167
      ],
      [
        0.263,
        0.385,
        0.435,
        0.344,
        0.406,
        0.32,
        0.325,
        1.0,
        0.677,
        0.314,
        0.336,
        0.591,
        0.532,
        0.494,
        0.601,
        0.566,
        0.511,
        0.193,
        0.541,
        0.659,
        0.5,
        0.507
      ],
      [
        0.313,
        0.328,
        0.35,
        0.374,
        0.397,
        0.374,
        0.366,
        0.677,
        1.0,
        0.31,
        0.253,
        0.573,
        0.608,
        0.469,
        0.561,
        0.509,
        0.435,
        0.184,
        0.513,
        0.682,
        0.44,
        0.341
      ],
      [
        0.355,
        0.365,
        0.294,
        0.079,
        0.164,
        0.194,
        0.133,
        0.314,
        0.31,
        1.0,
        0.262,
        0.409,
        0.355,
        0.191,
        0.458,
        0.397,
        0.285,
        0.092,
        0.31,
        0.345,
        0.417,
        0.291
      ],
      [
        0.339,
        0.474,
        0.434,
        0.438,
        0.221,
        0.243,
        0.345,
        0.336,
        0.253,
        0.262,
        1.0,
        0.49,
        0.395,
        0.408,
        0.487,
        0.481,
        0.516,
        0.243,
        0.351,
        0.46,
        0.408,
        0.472
      ],
      [
        0.481,
        0.524,
        0.467,
        0.421,
        0.489,
        0.35,
        0.326,
        0.591,
        0.573,
        0.409,
        0.49,
        1.0,
        0.598,
        0.414,
        0.78,
        0.545,
        0.698,
        0.419,
        0.577,
        0.565,
        0.417,
        0.751
      ],
      [
        0.432,
        0.381,
        0.36,
        0.262,
        0.388,
        0.321,
        0.244,
        0.532,
        0.608,
        0.355,
        0.395,
        0.598,
        1.0,
        0.24,
        0.539,
        0.495,
        0.549,
        0.199,
        0.481,
        0.661,
        0.284,
        0.408
      ],
      [
        0.281,
        0.313,
        0.31,
        0.237,
        0.287,
        0.243,
        0.218,
        0.494,
        0.469,
        0.191,
        0.408,
        0.414,
        0.24,
        1.0,
        0.4,
        0.346,
        0.387,
        0.121,
        0.325,
        0.411,
        0.372,
        0.419
      ],
      [
        0.512,
        0.534,
        0.5,
        0.397,
        0.52,
        0.378,
        0.386,
        0.601,
        0.561,
        0.458,
        0.487,
        0.78,
        0.539,
        0.4,
        1.0,
        0.614,
        0.619,
        0.399,
        0.631,
        0.612,
        0.473,
        0.594
      ],
      [
        0.443,
        0.609,
        0.665,
        0.481,
        0.33,
        0.34,
        0.4,
        0.566,
        0.509,
        0.397,
        0.481,
        0.545,
        0.495,
        0.346,
        0.614,
        1.0,
        0.526,
        0.333,
        0.551,
        0.637,
        0.53,
        0.377
      ],
      [
        0.334,
        0.482,
        0.439,
        0.436,
        0.393,
        0.291,
        0.267,
        0.511,
        0.435,
        0.285,
        0.516,
        0.698,
        0.549,
        0.387,
        0.619,
        0.526,
        1.0,
        0.257,
        0.478,
        0.539,
        0.413,
        0.655
      ],
      [
        0.257,
        0.333,
        0.396,
        0.202,
        0.236,
        0.224,
        0.204,
        0.193,
        0.184,
        0.092,
        0.243,
        0.419,
        0.199,
        0.121,
        0.399,
        0.333,
        0.257,
        1.0,
        0.418,
        0.279,
        -0.012,
        0.317
      ],
      [
        0.416,
        0.508,
        0.546,
        0.405,
        0.358,
        0.254,
        0.349,
        0.541,
        0.513,
        0.31,
        0.351,
        0.577,
        0.481,
        0.325,
        0.631,
        0.551,
        0.478,
        0.418,
        1.0,
        0.613,
        0.433,
        0.513
      ],
      [
        0.479,
        0.542,
        0.491,
        0.414,
        0.432,
        0.317,
        0.335,
        0.659,
        0.682,
        0.345,
        0.46,
        0.565,
        0.661,
        0.411,
        0.612,
        0.637,
        0.539,
        0.279,
        0.613,
        1.0,
        0.462,
        0.436
      ],
      [
        0.209,
        0.383,
        0.302,
        0.345,
        0.319,
        0.251,
        0.314,
        0.5,
        0.44,
        0.417,
        0.408,
        0.417,
        0.284,
        0.372,
        0.473,
        0.53,
        0.413,
        -0.012,
        0.433,
        0.462,
        1.0,
        0.306
      ],
      [
        0.44,
        0.393,
        0.358,
        0.319,
        0.307,
        0.158,
        0.167,
        0.507,
        0.341,
        0.291,
        0.472,
        0.751,
        0.408,
        0.419,
        0.594,
        0.377,
        0.655,
        0.317,
        0.513,
        0.436,
        0.306,
        1.0
      ]
    ]
  },
  "cluster_average_linkage": {
    "k3": {
      "6141": 0,
      "2313": 1,
      "2355": 1,
      "2367": 1,
      "1303": 2,
      "1802": 2,
      "1815": 2,
      "2316": 2,
      "2368": 2,
      "2383": 2,
      "2429": 2,
      "2455": 2,
      "3037": 2,
      "3044": 2,
      "3167": 2,
      "3189": 2,
      "3715": 2,
      "4958": 2,
      "6213": 2,
      "6274": 2,
      "8021": 2,
      "8046": 2
    },
    "k4": {
      "6141": 0,
      "2313": 1,
      "2355": 1,
      "2367": 1,
      "2429": 2,
      "8021": 2,
      "1303": 3,
      "1802": 3,
      "1815": 3,
      "2316": 3,
      "2368": 3,
      "2383": 3,
      "2455": 3,
      "3037": 3,
      "3044": 3,
      "3167": 3,
      "3189": 3,
      "3715": 3,
      "4958": 3,
      "6213": 3,
      "6274": 3,
      "8046": 3
    },
    "k5": {
      "3167": 0,
      "6141": 1,
      "2313": 2,
      "2355": 2,
      "2367": 2,
      "2429": 3,
      "8021": 3,
      "1303": 4,
      "1802": 4,
      "1815": 4,
      "2316": 4,
      "2368": 4,
      "2383": 4,
      "2455": 4,
      "3037": 4,
      "3044": 4,
      "3189": 4,
      "3715": 4,
      "4958": 4,
      "6213": 4,
      "6274": 4,
      "8046": 4
    }
  },
  "threshold_groups": {
    "0.50": [
      [
        "1303",
        "1802",
        "1815",
        "2316",
        "2368",
        "2383",
        "2455",
        "3037",
        "3044",
        "3189",
        "3715",
        "4958",
        "6213",
        "6274",
        "8021",
        "8046"
      ],
      [
        "2313",
        "2355",
        "2367"
      ],
      [
        "2429"
      ],
      [
        "3167"
      ],
      [
        "6141"
      ]
    ],
    "0.55": [
      [
        "1303",
        "1802",
        "1815",
        "2368",
        "2383",
        "3037",
        "3044",
        "3189",
        "3715",
        "4958",
        "6213",
        "6274",
        "8046"
      ],
      [
        "2313",
        "2367"
      ],
      [
        "2316"
      ],
      [
        "2355"
      ],
      [
        "2429"
      ],
      [
        "2455"
      ],
      [
        "3167"
      ],
      [
        "6141"
      ],
      [
        "8021"
      ]
    ],
    "0.60": [
      [
        "1303",
        "1802",
        "1815",
        "2368",
        "2383",
        "3037",
        "3044",
        "3189",
        "3715",
        "4958",
        "6213",
        "6274",
        "8046"
      ],
      [
        "2313",
        "2367"
      ],
      [
        "2316"
      ],
      [
        "2355"
      ],
      [
        "2429"
      ],
      [
        "2455"
      ],
      [
        "3167"
      ],
      [
        "6141"
      ],
      [
        "8021"
      ]
    ]
  }
}